-8.801926e-02, -8.046056e-02, 4.127348e-01, -1.198585e+00, -2.383474e+00, -9.384514e+00, -1.880512e-04, -4.760557e-06, -3.673203e-03
-8.742000e-02, -8.091349e-02, 4.119786e-01, -1.213807e+00, -2.379391e+00, -9.379348e+00, -6.041114e-04, 7.542774e-05, -3.614123e-03
-8.741257e-02, -8.027881e-02, 4.121835e-01, -1.203881e+00, -2.375387e+00, -9.389611e+00, 9.139181e-05, 2.632258e-04, -3.799650e-03
-8.732507e-02, -8.115549e-02, 4.121133e-01, -1.205439e+00, -2.376027e+00, -9.394076e+00, -7.602406e-04, -1.849982e-04, -3.704857e-03
-8.786547e-02, -8.066244e-02, 4.122881e-01, -1.198176e+00, -2.378291e+00, -9.383922e+00, 2.450498e-05, 9.234415e-05, -3.635672e-03
-8.762553e-02, -8.068348e-02, 4.124683e-01, -1.201032e+00, -2.378734e+00, -9.393879e+00, -5.546952e-04, 1.562846e-04, -3.503118e-03
-8.782780e-02, -8.041878e-02, 4.124450e-01, -1.201093e+00, -2.379458e+00, -9.386619e+00, 7.238313e-05, -1.595846e-04, -3.787586e-03
-8.833063e-02, -8.084206e-02, 4.126321e-01, -1.198751e+00, -2.376130e+00, -9.384226e+00, -2.424082e-04, -1.114237e-04, -3.570742e-03
-8.787357e-02, -8.089384e-02, 4.128228e-01, -1.200031e+00, -2.376871e+00, -9.389741e+00, -2.230903e-04, -9.268704e-05, -3.645194e-03
-8.784541e-02, -8.126931e-02, 4.123173e-01, -1.208349e+00, -2.381630e+00, -9.382860e+00, -8.817116e-05, -2.055674e-05, -3.515398e-03
-8.781242e-02, -8.095495e-02, 4.131581e-01, -1.201774e+00, -2.377059e+00, -9.383535e+00, -4.005345e-04, 2.384474e-04, -3.878476e-03
-8.757690e-02, -8.126536e-02, 4.130742e-01, -1.205213e+00, -2.377280e+00, -9.380813e+00, 1.221172e-04, -1.961363e-04, -3.733483e-03
-8.745273e-02, -8.107396e-02, 4.124505e-01, -1.199284e+00, -2.378774e+00, -9.382880e+00, -6.566871e-04, -1.772407e-04, -3.492686e-03
-8.778827e-02, -8.134757e-02, 4.126008e-01, -1.202081e+00, -2.384197e+00, -9.379957e+00, 2.801224e-04, 1.518533e-04, -3.677300e-03
-8.810060e-02, -8.076141e-02, 4.125086e-01, -1.208183e+00, -2.382069e+00, -9.392268e+00, 2.730792e-05, -3.918770e-04, -3.512051e-03
-8.788855e-02, -8.090531e-02, 4.124361e-01, -1.203783e+00, -2.384289e+00, -9.389416e+00, 3.496653e-04, -3.334289e-04, -3.708059e-03
-8.809646e-02, -8.152760e-02, 4.131692e-01, -1.201317e+00, -2.379034e+00, -9.381732e+00, -5.003248e-04, -1.856958e-04, -3.645793e-03
-8.774907e-02, -8.093960e-02, 4.129372e-01, -1.202201e+00, -2.382122e+00, -9.387984e+00, -1.049080e-04, 2.642187e-04, -3.739304e-03
-8.772886e-02, -8.130258e-02, 4.131075e-01, -1.201581e+00, -2.382002e+00, -9.385811e+00, -1.466203e-04, 3.482646e-05, -3.424354e-03
-8.751257e-02, -8.083683e-02, 4.125755e-01, -1.203326e+00, -2.380488e+00, -9.377795e+00, -5.940482e-04, 1.370774e-04, -3.682695e-03
-8.802208e-02, -8.160514e-02, 4.123088e-01, -1.203093e+00, -2.381490e+00, -9.378782e+00, 1.028535e-04, 4.611458e-04, -3.637225e-03
-8.752295e-02, -8.147772e-02, 4.127497e-01, -1.203740e+00, -2.380203e+00, -9.389344e+00, -7.334238e-04, 3.589071e-05, -3.634928e-03
-8.804840e-02, -8.119116e-02, 4.118255e-01, -1.210116e+00, -2.376017e+00, -9.388028e+00, 1.552189e-04, 4.055072e-04, -3.402296e-03
-8.812726e-02, -8.036108e-02, 4.120816e-01, -1.208207e+00, -2.382284e+00, -9.390954e+00, -4.701058e-04, -5.029757e-05, -3.702739e-03
-8.792420e-02, -8.103094e-02, 4.116625e-01, -1.202639e+00, -2.387872e+00, -9.382786e+00, -2.282931e-04, 1.965452e-04, -3.763181e-03
-8.789127e-02, -8.129615e-02, 4.116108e-01, -1.201383e+00, -2.376766e+00, -9.388412e+00, -3.920955e-04, 2.681522e-04, -3.538487e-03
-8.791520e-02, -8.117368e-02, 4.119210e-01, -1.202756e+00, -2.378618e+00, -9.379609e+00, -4.348347e-04, -1.579331e-04, -3.684815e-03
-8.790229e-02, -8.095321e-02, 4.117326e-01, -1.202916e+00, -2.379959e+00, -9.387071e+00, -1.494835e-04, 1.972578e-04, -3.731981e-03
-8.772735e-02, -8.081914e-02, 4.112882e-01, -1.204385e+00, -2.377037e+00, -9.382311e+00, -5.155878e-04, 1.340994e-04, -3.623544e-03
-8.795546e-02, -8.090185e-02, 4.119292e-01, -1.200971e+00, -2.382977e+00, -9.382381e+00, 1.311078e-05, 8.209438e-05, -3.568306e-03
-8.794434e-02, -8.048774e-02, 4.112696e-01, -1.206520e+00, -2.371910e+00, -9.376188e+00, -4.968086e-04, 5.172225e-04, -3.843984e-03
-8.726440e-02, -8.158259e-02, 4.123459e-01, -1.207740e+00, -2.379384e+00, -9.386867e+00, -4.121730e-04, -9.012799e-05, -3.496422e-03
-8.795023e-02, -8.053365e-02, 4.126711e-01, -1.199529e+00, -2.382246e+00, -9.386970e+00, -9.860913e-06, 3.777568e-04, -3.683157e-03
-8.780613e-02, -8.049484e-02, 4.116381e-01, -1.202927e+00, -2.382751e+00, -9.390018e+00, -4.276864e-04, 3.182071e-04, -3.873890e-03
-8.737395e-02, -8.100500e-02, 4.128024e-01, -1.200228e+00, -2.376197e+00, -9.380224e+00, 4.678574e-05, 7.406531e-05, -3.546289e-03
-8.728071e-02, -8.016273e-02, 4.121730e-01, -1.200801e+00, -2.381630e+00, -9.375689e+00, -4.790470e-04, -1.920396e-04, -3.423172e-03
-8.711651e-02, -8.006971e-02, 4.120223e-01, -1.205175e+00, -2.382221e+00, -9.377364e+00, 2.627277e-04, 3.252057e-04, -3.456604e-03
-8.706125e-02, -8.076479e-02, 4.122542e-01, -1.200487e+00, -2.377673e+00, -9.387445e+00, -5.423762e-04, 1.621110e-04, -3.447995e-03
-8.685999e-02, -8.088072e-02, 4.122835e-01, -1.206972e+00, -2.380765e+00, -9.380829e+00, 1.177401e-04, 2.288936e-05, -3.519192e-03
-8.707761e-02, -8.103128e-02, 4.125696e-01, -1.201793e+00, -2.377259e+00, -9.386704e+00, -5.898947e-04, 1.017995e-04, -4.014489e-03
-8.764960e-02, -8.046632e-02, 4.117271e-01, -1.200191e+00, -2.384551e+00, -9.381709e+00, -2.372000e-05, 2.818734e-04, -3.622886e-03
-8.722384e-02, -8.039402e-02, 4.127085e-01, -1.207066e+00, -2.379540e+00, -9.386519e+00, -4.466341e-05, 4.421459e-04, -3.792001e-03
-8.746403e-02, -8.015649e-02, 4.128015e-01, -1.201657e+00, -2.376808e+00, -9.384326e+00, -3.374234e-04, 1.949285e-05, -3.668201e-03
-8.726740e-02, -8.009090e-02, 4.118889e-01, -1.204539e+00, -2.378252e+00, -9.386338e+00, -3.165718e-04, 2.170024e-04, -3.573386e-03
-8.743896e-02, -8.061748e-02, 4.123294e-01, -1.199790e+00, -2.383920e+00, -9.387094e+00, -6.523067e-04, -9.483094e-05, -3.739629e-03
-8.715593e-02, -8.029187e-02, 4.124354e-01, -1.206974e+00, -2.375148e+00, -9.389392e+00, 2.141080e-04, 1.781015e-04, -3.689655e-03
-8.712440e-02, -8.044545e-02, 4.119404e-01, -1.204637e+00, -2.383373e+00, -9.390700e+00, -4.661188e-04, 8.059644e-05, -3.681567e-03
-8.761366e-02, -8.135107e-02, 4.110572e-01, -1.204030e+00, -2.385761e+00, -9.387201e+00, 1.804079e-04, 4.014291e-04, -3.596897e-03
-8.779509e-02, -8.062893e-02, 4.112936e-01, -1.207201e+00, -2.378813e+00, -9.380404e+00, -4.921872e-04, 1.450359e-04, -3.792471e-03
-8.763169e-02, -8.100720e-02, 4.117622e-01, -1.208124e+00, -2.382511e+00, -9.377761e+00, -2.746369e-04, 5.576646e-05, -3.388507e-03
-8.778306e-02, -8.164301e-02, 4.114980e-01, -1.204808e+00, -2.378467e+00, -9.383496e+00, -2.311085e-04, 1.077166e-04, -3.426106e-03
-8.758378e-02, -8.139796e-02, 4.106734e-01, -1.201271e+00, -2.378621e+00, -9.377925e+00, -2.993789e-04, -7.580587e-05, -3.473600e-03
-8.728825e-02, -8.065936e-02, 4.119376e-01, -1.204268e+00, -2.381564e+00, -9.386534e+00, 7.544512e-05, 1.506765e-04, -3.402186e-03
-8.783568e-02, -8.121954e-02, 4.114475e-01, -1.199274e+00, -2.375031e+00, -9.378869e+00, -5.639312e-04, -8.933098e-06, -3.494021e-03
-8.778226e-02, -8.151270e-02, 4.108253e-01, -1.207096e+00, -2.385028e+00, -9.384551e+00, 1.950046e-04, -5.543721e-05, -3.445676e-03
-8.750968e-02, -8.179440e-02, 4.103297e-01, -1.206363e+00, -2.381725e+00, -9.380610e+00, -4.930974e-04, 1.734028e-04, -3.726459e-03
-8.736866e-02, -8.100962e-02, 4.110824e-01, -1.202118e+00, -2.379793e+00, -9.389031e+00, -2.514164e-07, 1.240122e-04, -3.665494e-03
-8.830150e-02, -8.112016e-02, 4.110530e-01, -1.203452e+00, -2.380522e+00, -9.378970e+00, -3.153715e-04, 1.997393e-04, -3.699355e-03
-8.779266e-02, -8.100531e-02, 4.109637e-01, -1.209457e+00, -2.382604e+00, -9.380019e+00, -3.106281e-04, 1.565225e-04, -3.664488e-03
-8.759711e-02, -8.116280e-02, 4.104226e-01, -1.204553e+00, -2.380982e+00, -9.381337e+00, 2.377912e-04, 1.470390e-04, -3.876663e-03
-8.823711e-02, -8.126591e-02, 4.105276e-01, -1.209813e+00, -2.377225e+00, -9.387197e+00, -4.291419e-04, -8.452909e-07, -3.514756e-03
-8.771424e-02, -8.112504e-02, 4.107352e-01, -1.209190e+00, -2.382856e+00, -9.390555e+00, 3.282140e-04, 1.802450e-05, -3.572853e-03
-8.836159e-02, 